camera_matrix:
- - 1538.3632048963009
  - 0.0
  - 596.7384147302282
- - 0.0
  - 1474.919206958641
  - 165.5439528667267
- - 0.0
  - 0.0
  - 1.0
dist_coeff:
- - 0.22658493456564108
  - -3.428807085145376
  - 0.05344858468044846
  - 0.00027490130768563096
  - 5.6072103032511444
image_size: !!python/tuple
- 1280
- 964
rms: 4.480920441622971
